0 8721
0 861
0 1341
0 5976
0 7496
0 4510
0 8156
0 7879
0 6436
0 4215
0 843
0 677
0 8166
0 893
0 8676
0 666
0 2935
0 4904
0 6715
0 4096
2 157
2 8976
2 225
2 9545
2 9173
2 9764
2 8161
2 4776
2 2484
2 8126
2 4023
2 4307
2 1907
2 2269
2 1660
2 1072
2 5243
2 5523
2 5633
2 1541
4 8154
4 418
4 8354
4 900
4 7428
4 2937
4 6864
4 4947
4 8814
4 6364
4 5057
4 2754
4 9182
4 5815
4 2654
4 1478
4 9205
4 2560
4 108
4 22
6 222
6 7762
6 9705
6 9725
6 3723
6 712
6 1370
6 1095
6 4280
6 6459
6 2492
6 5746
6 2563
6 7164
6 4391
6 8455
6 2490
6 7351
6 2679
6 4295
8 2576
8 9817
8 7036
8 2554
8 358
8 6790
8 5484
8 9222
8 9341
8 3580
8 7770
8 3472
8 9457
8 9795
8 3595
8 3621
8 9053
8 6726
8 3741
8 8713
10 5004
10 4050
10 2828
10 6134
10 1592
10 7694
10 5434
10 1099
10 3188
10 4477
10 1496
10 3940
10 1494
10 2519
10 5834
10 6110
10 2161
10 6005
10 9711
10 6822
12 5476
12 6614
12 511
12 2684
12 1202
12 8202
12 9098
12 3209
12 9253
12 9249
12 8323
12 5829
12 5643
12 2325
12 9438
12 1090
12 4071
12 9430
12 8926
12 5909
14 8599
14 5014
14 6483
14 606
14 7740
14 3180
14 8283
14 206
14 6077
14 5380
14 298
14 2722
14 6802
14 5362
14 7805
14 9431
14 695
14 4254
14 1124
14 3865
16 7249
16 1577
16 662
16 2633
16 3656
16 3528
16 2158
16 4208
16 2144
16 2649
16 4163
16 9413
16 6551
16 2890
16 6286
16 1515
16 4764
16 5920
16 5254
16 62
18 7020
18 2131
18 9306
18 6474
18 586
18 2686
18 6731
18 643
18 6496
18 8677
18 3077
18 9963
18 4146
18 903
18 8939
18 7731
18 7149
18 1860
18 5917
18 7643
20 7339
20 3370
20 1788
20 8493
20 8709
20 507
20 2028
20 283
20 6863
20 7073
20 4172
20 4718
20 4360
20 6055
20 2938
20 1185
20 4631
20 1292
20 7890
20 3890
22 2612
22 2592
22 6152
22 2724
22 3104
22 6722
22 4975
22 7681
22 3417
22 1364
22 5602
22 4601
22 9811
22 8711
22 5547
22 6515
22 6521
22 3975
22 3029
22 2333
24 6129
24 7695
24 8836
24 1794
24 7455
24 7429
24 921
24 5039
24 4277
24 874
24 2026
24 6915
24 383
24 1885
24 5700
24 7746
24 9901
24 9551
24 31
24 1415
26 2680
26 7862
26 5998
26 2830
26 6200
26 8574
26 3773
26 1222
26 8224
26 2165
26 6057
26 5287
26 1704
26 6100
26 7491
26 7747
26 6510
26 8304
26 1012
26 4520
28 4679
28 5758
28 7012
28 4524
28 9502
28 3421
28 3665
28 3977
28 4951
28 4554
28 1406
28 3833
28 285
28 1438
28 4960
28 8242
28 6101
28 5506
28 4963
28 2055
30 9333
30 6486
30 5538
30 4395
30 1876
30 1419
30 470
30 9728
30 1066
30 4538
30 5105
30 6013
30 2123
30 8573
30 3357
30 6847
30 513
30 333
30 967
30 9106
32 110
32 968
32 5298
32 3144
32 5992
32 3399
32 9080
32 1199
32 5557
32 7637
32 8039
32 5619
32 6747
32 3164
32 4543
32 6928
32 5473
32 2488
32 4625
32 4275
34 3812
34 3044
34 6858
34 8125
34 7388
34 4972
34 5780
34 4633
34 2726
34 7195
34 6774
34 2580
34 5818
34 2292
34 8896
34 4017
34 8647
34 9831
34 602
34 7513
36 899
36 425
36 5259
36 9860
36 9452
36 9818
36 3611
36 7188
36 1941
36 7595
36 4704
36 2696
36 6686
36 5618
36 4012
36 1778
36 8492
36 8334
36 4696
36 9096
38 7438
38 1639
38 7783
38 1579
38 5085
38 6831
38 2223
38 940
38 2861
38 5333
38 8440
38 5223
38 5368
38 1317
38 3555
38 5463
38 1041
38 7615
38 7207
38 5218
40 387
40 1584
40 9959
40 8515
40 3989
40 9981
40 8485
40 9279
40 8853
40 5585
40 4952
40 7228
40 2023
40 1092
40 6287
40 6042
40 2304
40 49
40 8450
40 3286
42 6575
42 8433
42 6592
42 6085
42 1473
42 90
42 5094
42 3036
42 2084
42 1203
42 5586
42 6702
42 7721
42 9492
42 9752
42 2810
42 2116
42 2701
42 1624
42 2108
44 7099
44 3459
44 5664
44 5179
44 5423
44 87
44 5791
44 8041
44 6086
44 8371
44 8122
44 7346
44 4216
44 7755
44 3826
44 5732
44 1986
44 8801
44 4526
44 4537
46 7205
46 537
46 8158
46 639
46 7326
46 7152
46 4621
46 1599
46 4330
46 1048
46 6045
46 7436
46 2083
46 3696
46 4222
46 6041
46 2738
46 299
46 5785
46 4175
48 9484
48 7410
48 8289
48 2351
48 8655
48 6015
48 4305
48 1158
48 8342
48 4449
48 9581
48 8617
48 6313
48 3691
48 219
48 6579
48 303
48 1278
48 4276
48 3233
50 6409
50 3516
50 7644
50 4320
50 8797
50 1009
50 3809
50 3952
50 2581
50 8186
50 4878
50 4939
50 1153
50 8576
50 6188
50 9320
50 4805
50 7066
50 4584
50 3829
52 3005
52 8011
52 4519
52 6699
52 5219
52 3671
52 8390
52 5918
52 8220
52 7286
52 7965
52 6061
52 4656
52 6998
52 7179
52 7958
52 7526
52 4140
52 1097
52 4227
54 2274
54 9131
54 7096
54 1530
54 5836
54 647
54 1787
54 5777
54 1898
54 997
54 4667
54 5175
54 5965
54 1069
54 9960
54 2368
54 3754
54 1550
54 8007
54 2486
56 1250
56 6848
56 7426
56 2752
56 4484
56 8584
56 5148
56 7591
56 5578
56 7892
56 5946
56 2037
56 1053
56 9130
56 3113
56 8197
56 8443
56 9949
56 1504
56 9754
58 6150
58 3613
58 2925
58 453
58 7312
58 1872
58 4918
58 2914
58 8752
58 1326
58 8182
58 3790
58 3822
58 8534
58 6996
58 5308
58 7366
58 5167
58 5703
58 2440
60 5012
60 9193
60 3967
60 9900
60 7178
60 5416
60 5888
60 4847
60 9848
60 8634
60 9033
60 8897
60 2655
60 6222
60 5832
60 7200
60 5025
60 4760
60 5509
60 4488
62 6434
62 8869
62 4020
62 1768
62 2818
62 3381
62 173
62 3816
62 200
62 4086
62 4827
62 2550
62 8610
62 9797
62 1257
62 4235
62 8317
62 9005
62 7620
62 1698
64 9243
64 40
64 9529
64 4111
64 5896
64 8013
64 4695
64 6793
64 9990
64 7484
64 2548
64 2222
64 179
64 6017
64 9727
64 934
64 7593
64 4798
64 2298
64 6478
66 7029
66 426
66 7035
66 3652
66 5589
66 2474
66 5471
66 1306
66 5305
66 8310
66 6589
66 1902
66 2127
66 5161
66 9840
66 3802
66 5026
66 7628
66 746
66 3171
68 1111
68 3487
68 7782
68 2213
68 9593
68 4647
68 5910
68 9696
68 1437
68 2375
68 6337
68 2098
68 5396
68 4842
68 5842
68 6024
68 504
68 5727
68 9398
68 2139
70 141
70 4747
70 9570
70 1722
70 5276
70 4964
70 1330
70 672
70 4733
70 5307
70 7796
70 2399
70 5201
70 4614
70 9369
70 5969
70 1293
70 249
70 5110
70 8288
72 3923
72 8095
72 8250
72 7659
72 9598
72 5536
72 4648
72 8529
72 9332
72 1165
72 6227
72 5828
72 407
72 4424
72 6577
72 808
72 5607
72 9592
72 8761
72 1648
74 3481
74 7026
74 7697
74 5118
74 2427
74 8462
74 1073
74 9929
74 5949
74 7887
74 8593
74 7565
74 2435
74 7858
74 3088
74 6738
74 7657
74 5730
74 1575
74 9164
76 895
76 6530
76 3474
76 5482
76 6601
76 6298
76 9
76 933
76 591
76 3545
76 9917
76 121
76 2941
76 3532
76 4929
76 8343
76 3842
76 7
76 7180
76 9720
78 5704
78 879
78 2164
78 2078
78 8953
78 4443
78 7572
78 974
78 8716
78 3369
78 6022
78 3394
78 1029
78 505
78 675
78 3785
78 9350
78 2022
78 4615
78 8652
80 2832
80 8608
80 2404
80 6658
80 9827
80 810
80 4561
80 8667
80 3797
80 4311
80 2481
80 3978
80 4160
80 7281
80 1989
80 2362
80 694
80 6339
80 9842
80 7224
82 8845
82 608
82 6724
82 8958
82 3167
82 6649
82 3154
82 2617
82 7059
82 7298
82 8338
82 5787
82 3085
82 1868
82 8459
82 2236
82 5332
82 215
82 4598
82 3031
84 9659
84 657
84 6394
84 3484
84 9241
84 3490
84 7404
84 5344
84 7321
84 950
84 4958
84 9497
84 1545
84 98
84 7984
84 9654
84 7953
84 9088
84 8811
84 3160
86 8407
86 8827
86 963
86 9310
86 4403
86 3141
86 8704
86 3573
86 3290
86 5375
86 5725
86 7376
86 2320
86 1887
86 2094
86 4978
86 2039
86 3570
86 7166
86 4056
88 7102
88 5973
88 2359
88 6978
88 5172
88 8225
88 8421
88 282
88 6879
88 1281
88 7670
88 7625
88 8012
88 1683
88 4394
88 3463
88 8070
88 5365
88 1166
88 1216
90 8808
90 7710
90 3247
90 8892
90 9099
90 9194
90 4589
90 1877
90 5237
90 4768
90 7838
90 4831
90 8919
90 8223
90 8420
90 371
90 9544
90 8802
90 3184
90 4872
92 8533
92 5537
92 3245
92 4335
92 9951
92 7110
92 6494
92 5598
92 8
92 7405
92 1319
92 290
92 8077
92 8524
92 1999
92 5075
92 5474
92 7972
92 351
92 218
94 9160
94 99
94 4611
94 5694
94 2265
94 5956
94 8927
94 4804
94 374
94 6372
94 3084
94 5898
94 1573
94 4592
94 4296
94 5489
94 1219
94 3874
94 555
94 1140
96 3312
96 7980
96 828
96 8750
96 4862
96 1760
96 8658
96 8110
96 7914
96 7846
96 2128
96 5253
96 1475
96 7651
96 1769
96 1334
96 5121
96 516
96 9428
96 9638
98 1598
98 5775
98 9170
98 8955
98 5983
98 7664
98 8544
98 3888
98 1901
98 2595
98 232
98 9569
98 8564
98 5073
98 2784
98 8936
98 397
98 3772
98 6374
98 7769
