0 1462
0 7164
0 2455
0 7148
0 5523
0 5069
0 3048
0 7282
0 331
0 4832
0 6553
0 2731
0 1262
0 3499
0 7417
0 2358
0 17
0 4655
0 4672
0 3272
0 7234
0 7136
0 2708
0 617
0 5642
0 2896
0 2347
0 1064
0 1136
0 6721
0 5835
0 4326
0 4277
0 6678
0 7727
0 4049
0 7724
0 5955
0 6801
0 5094
0 7237
0 7505
0 5202
0 182
0 6379
0 6025
0 1992
0 5602
0 66
0 5989
0 7200
0 41
0 3901
0 7529
0 3573
0 1053
0 4968
0 6559
0 5795
0 1313
1 3031
1 5249
1 2941
1 3215
1 1699
1 464
1 5388
1 2280
1 220
1 5292
1 1639
1 4063
1 5819
1 3875
1 3046
1 4649
1 6606
1 2182
1 6324
1 5983
1 7475
1 4246
1 6677
1 6535
1 2337
1 1752
1 4333
1 1439
1 1860
1 6890
1 2511
1 4595
1 10
1 3242
1 5413
1 2606
1 3763
1 2189
1 4816
1 6240
1 1216
1 4785
1 465
1 1681
1 6073
1 2941
1 4157
1 416
1 2526
1 6408
1 3365
1 3756
1 6757
1 3307
1 3857
1 426
1 6965
1 5050
1 1742
1 2910
1 5260
1 6459
1 1071
1 7192
1 5918
1 1810
1 1693
1 4124
1 2247
1 6974
1 7900
1 7041
1 5109
1 4141
1 4824
1 3060
1 370
1 6302
1 2591
1 1627
1 7465
1 5646
1 6436
1 5785
1 1613
1 3519
1 2118
1 1676
1 5097
1 3795
1 6083
1 672
1 3009
1 3899
1 3878
1 7458
1 4156
1 4895
1 3125
1 502
2 3167
2 3057
2 2552
2 4473
2 4554
2 660
2 1898
2 5536
2 6377
2 4781
2 146
2 5345
2 957
2 4003
2 6858
2 2955
2 6958
2 2139
2 6905
2 4233
2 6706
2 6834
2 5995
2 4111
2 136
2 7456
2 4257
2 3489
2 445
2 2450
2 4933
2 4744
2 7012
2 1433
2 1472
2 7137
2 4370
2 3321
2 1109
2 5873
2 3033
2 3402
2 144
2 6352
2 7750
2 5773
2 1773
2 5839
2 4947
2 634
2 6892
2 7814
2 3786
2 1081
2 1645
2 2822
2 6149
2 7248
2 1278
2 6770
2 7931
2 6019
2 3227
2 4761
2 6853
2 3706
2 4727
2 5703
2 946
2 2679
2 1093
2 1579
2 1430
2 6226
2 1700
2 7839
2 5337
2 2856
2 1855
2 6255
2 6046
2 6781
2 3401
2 5869
2 6771
2 4268
2 432
2 5651
2 5528
2 6975
2 159
2 7601
2 2111
2 2243
2 7705
2 4959
2 7703
2 1598
2 837
2 589
3 4537
3 34
3 1943
3 1014
3 226
3 7004
3 980
3 5862
3 5999
3 2765
3 2286
3 3415
3 2180
3 5936
3 6492
3 1900
3 519
3 7776
3 6856
3 57
3 166
3 7311
3 7466
3 3929
3 1665
3 6144
3 6673
3 5196
3 5405
3 5908
3 371
3 5289
3 4758
3 7635
3 4612
3 128
3 419
3 7194
3 6920
3 4949
3 5466
3 208
3 7438
3 1596
3 1157
3 1119
3 7925
3 6878
3 3203
3 3503
3 7692
3 1747
3 3407
3 7592
3 1096
3 926
3 4153
3 5427
3 7072
3 1336
3 3519
3 4810
3 3311
3 3097
3 4710
3 3446
3 5255
3 3246
3 7681
3 6990
3 6913
3 2333
3 5398
3 7669
3 4088
3 3565
3 1028
3 3631
3 5745
3 6437
3 2984
3 3732
3 6270
3 786
3 2339
3 844
3 4885
3 5987
3 3254
3 7586
3 379
3 2061
3 5156
3 5854
3 3508
3 982
3 4854
3 6703
3 4043
3 777
4 3437
4 7011
4 7486
4 6199
4 1057
4 6782
4 6534
4 6476
4 2375
4 4687
4 3721
4 1762
4 4556
4 119
4 743
4 7023
4 2099
4 4325
4 5720
4 1461
4 2108
4 5261
4 5477
4 444
4 5453
4 3094
4 2833
4 3540
4 5709
4 3817
4 7975
4 312
4 3920
4 2514
4 1272
4 7151
4 6544
4 7111
4 4205
4 6080
4 5268
4 3451
4 4381
4 6465
4 6328
4 6407
4 48
4 4281
4 6137
4 6312
4 1106
4 7015
4 2533
4 3424
4 1222
4 4299
4 6962
4 4530
4 6985
4 6532
4 3080
4 7330
4 5389
4 2194
4 1670
4 4488
4 54
4 795
4 1118
4 7903
4 646
4 7385
4 1204
4 7508
4 5521
4 6370
4 1837
4 7908
4 1731
4 4914
4 2228
4 3761
4 1010
4 3611
4 4614
4 4412
4 3670
4 253
4 4794
4 5637
4 2695
4 1887
4 807
4 4748
4 7423
4 858
4 4411
4 4865
4 6170
4 2310
5 3039
5 2330
5 4096
5 3486
5 2285
5 4987
5 1593
5 2994
5 638
5 5747
5 4925
5 5482
5 7245
5 6133
5 5136
5 7219
5 2069
5 557
5 389
5 1459
5 7122
5 6603
5 1035
5 6097
5 2293
5 7028
5 7238
5 3838
5 2432
5 7362
5 4863
5 6302
5 7434
5 5898
5 3634
5 1830
5 7923
5 3075
5 2015
5 3896
5 1528
5 3526
5 4900
5 5724
5 2405
5 6933
5 2409
5 7466
5 4743
5 1802
5 3968
5 5231
5 6926
5 7524
5 63
5 6663
5 1711
5 6411
5 4001
5 2657
5 3296
5 7580
5 350
5 2869
5 4005
5 6848
5 5645
5 1647
5 3983
5 4683
5 5458
5 2201
5 418
5 5021
5 2018
5 4737
5 3197
5 3006
5 4440
5 236
5 5837
5 3542
5 1724
5 4521
5 4791
5 757
5 1572
5 5334
5 5691
5 2498
5 4519
5 2909
5 6564
5 1646
5 3449
5 7298
5 2313
5 7113
5 7220
5 3638
6 3599
6 1496
6 6518
6 1281
6 7344
6 6113
6 4413
6 7546
6 4843
6 3522
6 7656
6 5749
6 4829
6 4073
6 1729
6 4463
6 796
6 3361
6 124
6 4532
6 5270
6 318
6 5200
6 6121
6 4085
6 2974
6 1334
6 5407
6 6724
6 2260
6 3084
6 3241
6 4562
6 3651
6 3525
6 6888
6 2118
6 4158
6 5564
6 2750
6 5172
6 5058
6 6166
6 141
6 6428
6 2744
6 6592
6 6480
6 2025
6 1618
6 4855
6 62
6 2148
6 5534
6 2854
6 4621
6 4807
6 4591
6 6223
6 6810
6 5032
6 5386
6 7869
6 6916
6 4779
6 2718
6 1179
6 265
6 3668
6 3642
6 2543
6 4750
6 7654
6 6491
6 3981
6 7864
6 7394
6 1861
6 6299
6 7721
6 4231
6 2021
6 1086
6 694
6 5242
6 5731
6 2524
6 773
6 7944
6 6171
6 1283
6 314
6 4902
6 1321
6 772
6 5278
6 2985
6 3794
6 6794
6 335
7 4618
7 4822
7 619
7 1512
7 107
7 3175
7 6893
7 873
7 740
7 7849
7 3053
7 3735
7 4346
7 7644
7 4860
7 5318
7 7726
7 3639
7 4888
7 5538
7 7246
7 5766
7 3702
7 3692
7 3092
7 2296
7 516
7 7115
7 2838
7 2812
7 6479
7 3502
7 3416
7 4626
7 1374
7 6666
7 1580
7 7844
7 3697
7 4015
7 5068
7 7761
7 222
7 568
7 5089
7 235
7 347
7 5554
7 2294
7 4828
7 5258
7 7429
7 913
7 3109
7 7836
7 7517
7 4686
7 860
7 407
7 1253
7 2960
7 2843
7 4718
7 6126
7 4445
7 6822
7 5380
7 6983
7 7380
7 4053
7 2697
7 7051
7 467
7 7088
7 3133
7 6646
7 6635
7 3796
7 7506
7 2720
7 2911
7 7425
7 5608
7 5247
7 2643
7 6409
7 3388
7 4116
7 2229
7 3008
7 2495
7 3015
7 7289
7 7648
7 4884
7 24
7 2271
7 2153
7 3616
7 2722
8 2050
8 7199
8 1355
8 3740
8 5152
8 1259
8 7202
8 7982
8 2964
8 215
8 3671
8 2906
8 5099
8 3405
8 751
8 2683
8 2730
8 2483
8 3188
8 1691
8 6256
8 7013
8 6562
8 4515
8 2263
8 1671
8 1358
8 2858
8 19
8 1441
8 3755
8 5384
8 2001
8 4542
8 2734
8 6734
8 4338
8 6344
8 6614
8 3428
8 1421
8 3520
8 2207
8 6836
8 1182
8 5575
8 582
8 6551
8 120
8 3538
8 3182
8 6112
8 6775
8 6341
8 342
8 563
8 5417
8 7133
8 948
8 6071
8 5960
8 3427
8 4779
8 3913
8 154
8 1149
8 191
8 1460
8 7839
8 1191
8 1835
8 6262
8 1214
8 5501
8 5017
8 2187
8 4856
8 2540
8 7034
8 5367
8 6738
8 5182
8 2254
8 3308
8 3854
8 2634
8 3128
8 2515
8 3233
8 1930
8 6820
8 4920
8 4383
8 7086
8 95
8 2119
8 3172
8 1661
8 5374
8 7582
9 5478
9 2215
9 907
9 4502
9 5643
9 6793
9 6984
9 1397
9 6078
9 675
9 4037
9 1925
9 2523
9 3287
9 335
9 5061
9 6497
9 556
9 5468
9 4511
9 7771
9 3515
9 5592
9 3800
9 2639
9 61
9 6434
9 968
9 5194
9 2220
9 3737
9 5379
9 5842
9 73
9 515
9 4871
9 4477
9 7281
9 5593
9 1592
9 198
9 4898
9 3448
9 1152
9 5373
9 6445
9 6069
9 3288
9 2505
9 5636
9 7268
9 1707
9 5374
9 3583
9 7708
9 1478
9 2102
9 5879
9 1113
9 6008
9 1351
9 7978
9 4641
9 5221
9 7570
9 2349
9 1220
9 3016
9 5820
9 1797
9 7324
9 7184
9 4813
9 2881
9 3701
9 5662
9 3381
9 6578
9 4559
9 657
9 1640
9 700
9 5502
9 3147
9 240
9 959
9 3099
9 2572
9 3113
9 3952
9 6297
9 4742
9 2464
9 7272
9 7224
9 4115
9 1673
9 7744
9 3914
9 538