0 5757
0 4631
0 5687
0 4552
0 9004
0 4052
0 7575
0 5879
0 7970
0 5528
0 7637
0 8342
0 5932
0 1428
0 879
0 1613
0 8225
0 1505
0 9934
0 7621
4 8227
4 4621
4 5286
4 1442
4 6068
4 2670
4 8166
4 5428
4 8525
4 2862
4 1740
4 7918
4 1028
4 6830
4 2777
4 7624
4 5429
4 6928
4 359
4 3985
8 7710
8 9069
8 8005
8 6432
8 4109
8 2334
8 6190
8 8070
8 4271
8 3043
8 1416
8 2592
8 74
8 2128
8 1886
8 6529
8 6125
8 4627
8 7432
8 4066
12 8599
12 4439
12 4888
12 3194
12 3776
12 8314
12 4650
12 1928
12 3899
12 2156
12 1129
12 2512
12 1828
12 8716
12 5591
12 2536
12 3690
12 7769
12 9953
12 6664
16 9082
16 2319
16 2106
16 7062
16 4680
16 24
16 9329
16 7367
16 1395
16 4912
16 5783
16 1753
16 7077
16 4023
16 6745
16 7484
16 5832
16 5585
16 8213
16 36
20 6528
20 5490
20 9488
20 9346
20 6504
20 9754
20 3352
20 6117
20 7219
20 338
20 8083
20 7308
20 2451
20 1258
20 6427
20 7563
20 6588
20 8093
20 8591
20 4707
24 5154
24 7712
24 4925
24 7517
24 185
24 588
24 4778
24 7987
24 4392
24 2807
24 5697
24 1276
24 3279
24 4970
24 7647
24 2148
24 2048
24 8643
24 4678
24 7785
28 7806
28 9591
28 3501
28 9208
28 9445
28 2417
28 1489
28 8420
28 304
28 663
28 6825
28 905
28 8881
28 6415
28 5406
28 2387
28 6561
28 238
28 8255
28 8951
32 5983
32 6090
32 7693
32 9770
32 2427
32 3607
32 899
32 9985
32 8860
32 950
32 3765
32 7619
32 9075
32 9271
32 5785
32 9986
32 4816
32 5539
32 2049
32 2309
36 4193
36 426
36 9054
36 5499
36 4946
36 8612
36 6219
36 5477
36 4619
36 4260
36 286
36 9533
36 9400
36 9518
36 5314
36 4674
36 1050
36 4954
36 7363
36 1394
40 4905
40 9466
40 3859
40 7073
40 6997
40 4431
40 5837
40 3775
40 7796
40 5125
40 6065
40 8465
40 220
40 668
40 3281
40 8839
40 1951
40 4132
40 2941
40 1409
44 1562
44 463
44 2313
44 7993
44 1153
44 759
44 4335
44 1470
44 2250
44 225
44 8354
44 124
44 1083
44 8633
44 5577
44 5394
44 198
44 7885
44 4580
44 1232
48 1223
48 1262
48 6570
48 4188
48 9493
48 9002
48 433
48 9033
48 7297
48 3613
48 7857
48 6788
48 3110
48 7821
48 7086
48 9680
48 8102
48 997
48 2704
48 4441
52 4163
52 5313
52 383
52 3217
52 6293
52 2953
52 5823
52 9915
52 5758
52 7201
52 4401
52 1221
52 5943
52 6515
52 4914
52 7029
52 4322
52 8030
52 6698
52 690
56 914
56 4075
56 4573
56 4377
56 6659
56 5516
56 554
56 681
56 6831
56 5549
56 171
56 6191
56 1170
56 397
56 677
56 767
56 8416
56 3917
56 1077
56 6810
60 1256
60 8805
60 2269
60 8793
60 4267
60 5057
60 3970
60 3517
60 1608
60 5055
60 2217
60 4093
60 9166
60 3081
60 8999
60 5886
60 2982
60 1171
60 8693
60 4072
64 340
64 4299
64 1770
64 6786
64 1194
64 9254
64 7259
64 1398
64 1524
64 1657
64 9018
64 3721
64 6567
64 4676
64 9259
64 2550
64 7649
64 6823
64 9564
64 772
68 716
68 6507
68 7306
68 1494
68 6214
68 5371
68 1667
68 3062
68 7451
68 5858
68 4291
68 9958
68 1003
68 6168
68 8218
68 5103
68 2402
68 3948
68 1706
68 6942
72 8154
72 7191
72 5633
72 3206
72 495
72 2446
72 9823
72 7843
72 5957
72 5967
72 7943
72 8331
72 4542
72 2620
72 5670
72 7933
72 7115
72 3423
72 5404
72 1847
76 3840
76 6691
76 1215
76 4181
76 801
76 3938
76 8724
76 9892
76 2302
76 1846
76 6371
76 2860
76 2780
76 1756
76 7302
76 306
76 2964
76 9583
76 2039
76 2821
80 144
80 6460
80 847
80 6362
80 3616
80 4868
80 6978
80 4190
80 4660
80 6225
80 7736
80 7431
80 6675
80 7662
80 2336
80 7012
80 4488
80 5956
80 8015
80 2845
84 540
84 1526
84 8767
84 3136
84 2877
84 6030
84 619
84 9157
84 5310
84 8236
84 3969
84 5609
84 4293
84 8883
84 1274
84 8906
84 8644
84 8634
84 7799
84 9724
88 524
88 312
88 5492
88 1745
88 1591
88 5064
88 3494
88 2674
88 9105
88 7950
88 8867
88 6246
88 1511
88 3946
88 8215
88 6969
88 1293
88 6840
88 3708
88 3872
92 2818
92 9996
92 760
92 5718
92 1131
92 9670
92 1805
92 118
92 549
92 6333
92 4683
92 9813
92 6408
92 4303
92 419
92 5982
92 980
92 4636
92 3666
92 8921
96 7272
96 3739
96 4698
96 5630
96 7669
96 7102
96 7134
96 1736
96 5955
96 9802
96 1064
96 8226
96 8813
96 7870
96 7305
96 6540
96 5184
96 563
96 6749
96 740
100 3602
100 4129
100 7242
100 9618
100 9483
100 5471
100 7315
100 9381
100 4804
100 3878
100 2249
100 1467
100 3019
100 3449
100 7542
100 3990
100 9608
100 8548
100 5517
100 7863
104 9584
104 1539
104 8809
104 5348
104 8827
104 8040
104 5552
104 7992
104 4653
104 2173
104 6583
104 9464
104 9010
104 4166
104 1294
104 3266
104 8566
104 1567
104 4591
104 131
108 3202
108 5074
108 6512
108 8003
108 6783
108 4657
108 9334
108 6589
108 2163
108 2516
108 3873
108 6011
108 3890
108 1116
108 7416
108 6216
108 4336
108 1624
108 2847
108 817
112 7671
112 2836
112 1350
112 4892
112 9979
112 8949
112 8749
112 4420
112 7775
112 4759
112 7660
112 1783
112 2413
112 6092
112 4639
112 8147
112 9238
112 538
112 2439
112 9337
116 2680
116 7518
116 3896
116 6352
116 2014
116 3425
116 389
116 4923
116 6459
116 6547
116 3667
116 3761
116 7176
116 7370
116 5070
116 3468
116 5700
116 1049
116 7239
116 7103
120 7316
120 4837
120 1481
120 3085
120 8427
120 1515
120 6226
120 6375
120 5364
120 9376
120 4530
120 6725
120 2968
120 5256
120 7398
120 1802
120 4035
120 1668
120 7260
120 7159
124 8048
124 2979
124 7905
124 7702
124 8924
124 9057
124 6885
124 1661
124 3091
124 3921
124 2713
124 7723
124 5587
124 6330
124 1592
124 5672
124 9465
124 9017
124 8462
124 2798
128 5056
128 2914
128 1892
128 7781
128 6646
128 7096
128 4832
128 4693
128 4948
128 8239
128 1827
128 3536
128 9081
128 6820
128 7636
128 7887
128 4340
128 6983
128 9014
128 325
132 8020
132 525
132 7434
132 550
132 4480
132 6158
132 12
132 9235
132 7283
132 1109
132 2034
132 5248
132 6052
132 4870
132 9495
132 1616
132 9553
132 4318
132 9673
132 2057
136 9484
136 9642
136 8904
136 3170
136 8262
136 8037
136 2354
136 3473
136 4167
136 8816
136 5719
136 961
136 5195
136 6139
136 8229
136 2110
136 1925
136 4817
136 6338
136 7629
140 2840
140 9369
140 9182
140 3188
140 8890
140 8515
140 4289
140 6871
140 2143
140 2755
140 9067
140 4723
140 2497
140 2192
140 1001
140 3953
140 5535
140 488
140 9893
140 3260
144 6178
144 8319
144 5600
144 522
144 4044
144 1957
144 5644
144 6594
144 6943
144 293
144 9656
144 9834
144 5795
144 1080
144 8077
144 841
144 6945
144 9029
144 137
144 7042
148 7731
148 2224
148 7761
148 1812
148 1451
148 4772
148 126
148 3734
148 5236
148 9580
148 7128
148 2711
148 2675
148 498
148 4500
148 5919
148 8194
148 5399
148 5836
148 405
152 8576
152 7577
152 9715
152 1361
152 3180
152 6248
152 4845
152 65
152 4237
152 3292
152 3952
152 9516
152 3802
152 9510
152 9428
152 3790
152 1440
152 7807
152 7815
152 6886
156 3282
156 9332
156 44
156 9874
156 9773
156 6145
156 2036
156 9575
156 2025
156 1455
156 5717
156 4473
156 6355
156 1739
156 3916
156 1738
156 2688
156 9969
156 1680
156 3386
160 5781
160 1029
160 20
160 8244
160 5947
160 3516
160 1585
160 3213
160 9993
160 5907
160 4107
160 4620
160 7789
160 1666
160 3699
160 608
160 7210
160 8961
160 5513
160 186
164 7738
164 2771
164 2613
164 9234
164 8760
164 2342
164 7271
164 5479
164 8065
164 2649
164 217
164 4344
164 2830
164 4541
164 3543
164 2541
164 5107
164 134
164 2509
164 7445
168 6758
168 999
168 3046
168 5978
168 3827
168 3232
168 2350
168 2276
168 4844
168 9989
168 3298
168 7461
168 246
168 6782
168 3414
168 3303
168 7954
168 5864
168 4958
168 9153
172 5831
172 9305
172 3255
172 960
172 7375
172 5167
172 7919
172 6501
172 3919
172 4963
172 2760
172 5069
172 320
172 5523
172 3664
172 4373
172 9108
172 562
172 6939
172 9469
176 5038
176 6603
176 8720
176 8668
176 4931
176 1304
176 3647
176 829
176 6649
176 1896
176 7457
176 5794
176 3446
176 6056
176 5180
176 5622
176 6404
176 513
176 458
176 1571
180 5950
180 2247
180 2540
180 89
180 7469
180 790
180 4765
180 2929
180 4128
180 6376
180 9079
180 1610
180 7607
180 1314
180 602
180 7747
180 4113
180 2646
180 9160
180 2922
184 6244
184 2666
184 7246
184 7001
184 8834
184 1449
184 6955
184 5438
184 4679
184 6009
184 276
184 9933
184 3936
184 2076
184 3465
184 3532
184 2265
184 6593
184 6535
184 3109
188 7056
188 686
188 2486
188 4496
188 4890
188 4874
188 6193
188 8783
188 8972
188 1268
188 7104
188 5792
188 7978
188 6230
188 1107
188 5436
188 259
188 4607
188 86
188 9610
192 9048
192 165
192 5632
192 1791
192 2890
192 779
192 872
192 3419
192 9316
192 4875
192 7715
192 5440
192 1035
192 8495
192 9694
192 2869
192 5701
192 2457
192 82
192 6813
196 1988
196 130
196 1473
196 4375
196 1347
196 3467
196 8623
196 8681
196 6479
196 3296
196 9141
196 3547
196 1218
196 3680
196 1876
196 6020
196 1052
196 4249
196 3456
196 468